

typedef struct coeff_matrix {
    const double coeff_matrix[8][8];
} coeff_matrix_t;

const coeff_matrix_t coeff_matrix_0_0 = 
{.coeff_matrix = {{	0.4999999999999999,	0.6935199226610737,	0.6532814824381882,	0.5879378012096793,	0.5,	0.3928474791935511,	0.2705980500730985,	0.13794968964147153},
{	0.6935199226610737,	0.9619397662556434,	0.9061274463528878,	0.8154931568489171,	0.6935199226610738,	0.5448951067758186,	0.3753302775178653,	0.19134171618254495},
{	0.6532814824381882,	0.9061274463528878,	0.8535533905932737,	0.7681777567114163,	0.6532814824381883,	0.5132799671593368,	0.35355339059327384,	0.18023995550173702},
{	0.5879378012096793,	0.8154931568489171,	0.7681777567114163,	0.6913417161825449,	0.5879378012096794,	0.4619397662556434,	0.3181896451432085,	0.16221167441072892},
{	0.5,	0.6935199226610738,	0.6532814824381883,	0.5879378012096794,	0.5000000000000001,	0.3928474791935512,	0.27059805007309856,	0.13794968964147156},
{	0.3928474791935511,	0.5448951067758186,	0.5132799671593368,	0.4619397662556434,	0.3928474791935512,	0.3086582838174552,	0.21260752369181418,	0.10838637566236967},
{	0.2705980500730985,	0.3753302775178653,	0.35355339059327384,	0.3181896451432085,	0.27059805007309856,	0.21260752369181418,	0.1464466094067263,	0.07465783405034264},
{	0.13794968964147153,	0.19134171618254495,	0.18023995550173702,	0.16221167441072892,	0.13794968964147156,	0.10838637566236967,	0.07465783405034264,	0.038060233744356645}
}};

const coeff_matrix_t coeff_matrix_1_0 = 
{.coeff_matrix = {{	0.4999999999999999,	0.5879378012096793,	0.2705980500730985,	-0.13794968964147145,	-0.4999999999999999,	-0.6935199226610737,	-0.6532814824381883,	-0.392847479193551},
{	0.6935199226610737,	0.8154931568489171,	0.3753302775178653,	-0.1913417161825448,	-0.6935199226610737,	-0.9619397662556434,	-0.9061274463528879,	-0.5448951067758185},
{	0.6532814824381882,	0.7681777567114163,	0.35355339059327384,	-0.1802399555017369,	-0.6532814824381882,	-0.9061274463528878,	-0.8535533905932738,	-0.5132799671593367},
{	0.5879378012096793,	0.6913417161825449,	0.3181896451432085,	-0.1622116744107288,	-0.5879378012096793,	-0.8154931568489171,	-0.7681777567114164,	-0.4619397662556433},
{	0.5,	0.5879378012096794,	0.27059805007309856,	-0.13794968964147147,	-0.5,	-0.6935199226610738,	-0.6532814824381884,	-0.39284747919355106},
{	0.3928474791935511,	0.4619397662556434,	0.21260752369181418,	-0.10838637566236958,	-0.3928474791935511,	-0.5448951067758186,	-0.5132799671593369,	-0.30865828381745514},
{	0.2705980500730985,	0.3181896451432085,	0.1464466094067263,	-0.07465783405034258,	-0.2705980500730985,	-0.3753302775178653,	-0.35355339059327384,	-0.21260752369181413},
{	0.13794968964147153,	0.16221167441072892,	0.07465783405034264,	-0.03806023374435662,	-0.13794968964147153,	-0.19134171618254495,	-0.18023995550173705,	-0.10838637566236964}
}};

const coeff_matrix_t coeff_matrix_2_0 = 
{.coeff_matrix = {{	0.4999999999999999,	0.3928474791935511,	-0.27059805007309845,	-0.6935199226610737,	-0.5000000000000001,	0.13794968964147153,	0.6532814824381881,	0.5879378012096795},
{	0.6935199226610737,	0.5448951067758186,	-0.3753302775178652,	-0.9619397662556434,	-0.6935199226610739,	0.19134171618254492,	0.9061274463528876,	0.8154931568489174},
{	0.6532814824381882,	0.5132799671593368,	-0.35355339059327373,	-0.9061274463528878,	-0.6532814824381884,	0.18023995550173702,	0.8535533905932735,	0.7681777567114166},
{	0.5879378012096793,	0.4619397662556434,	-0.31818964514320847,	-0.8154931568489171,	-0.5879378012096795,	0.1622116744107289,	0.7681777567114161,	0.6913417161825451},
{	0.5,	0.3928474791935512,	-0.2705980500730985,	-0.6935199226610738,	-0.5000000000000001,	0.13794968964147153,	0.6532814824381882,	0.5879378012096796},
{	0.3928474791935511,	0.3086582838174552,	-0.2126075236918141,	-0.5448951067758186,	-0.39284747919355123,	0.10838637566236965,	0.5132799671593367,	0.4619397662556436},
{	0.2705980500730985,	0.21260752369181418,	-0.14644660940672624,	-0.3753302775178653,	-0.2705980500730986,	0.07465783405034264,	0.35355339059327373,	0.3181896451432087},
{	0.13794968964147153,	0.10838637566236967,	-0.07465783405034263,	-0.19134171618254495,	-0.13794968964147158,	0.038060233744356645,	0.180239955501737,	0.162211674410729}
}};

const coeff_matrix_t coeff_matrix_3_0 = 
{.coeff_matrix = {{	0.4999999999999999,	0.13794968964147153,	-0.6532814824381882,	-0.392847479193551,	0.49999999999999983,	0.5879378012096795,	-0.27059805007309856,	-0.6935199226610738},
{	0.6935199226610737,	0.19134171618254495,	-0.9061274463528878,	-0.5448951067758185,	0.6935199226610735,	0.8154931568489174,	-0.37533027751786535,	-0.9619397662556436},
{	0.6532814824381882,	0.18023995550173702,	-0.8535533905932737,	-0.5132799671593367,	0.6532814824381881,	0.7681777567114166,	-0.35355339059327384,	-0.906127446352888},
{	0.5879378012096793,	0.16221167441072892,	-0.7681777567114163,	-0.4619397662556433,	0.5879378012096792,	0.6913417161825451,	-0.3181896451432086,	-0.8154931568489173},
{	0.5,	0.13794968964147156,	-0.6532814824381883,	-0.39284747919355106,	0.4999999999999999,	0.5879378012096796,	-0.2705980500730986,	-0.6935199226610739},
{	0.3928474791935511,	0.10838637566236967,	-0.5132799671593368,	-0.30865828381745514,	0.39284747919355106,	0.4619397662556436,	-0.2126075236918142,	-0.5448951067758189},
{	0.2705980500730985,	0.07465783405034264,	-0.35355339059327384,	-0.21260752369181413,	0.27059805007309845,	0.3181896451432087,	-0.1464466094067263,	-0.3753302775178654},
{	0.13794968964147153,	0.038060233744356645,	-0.18023995550173702,	-0.10838637566236964,	0.13794968964147153,	0.162211674410729,	-0.07465783405034265,	-0.19134171618254497}
}};

const coeff_matrix_t coeff_matrix_4_0 = 
{.coeff_matrix = {{	0.4999999999999999,	-0.13794968964147145,	-0.6532814824381883,	0.3928474791935508,	0.5000000000000001,	-0.5879378012096792,	-0.270598050073099,	0.6935199226610738},
{	0.6935199226610737,	-0.1913417161825448,	-0.9061274463528879,	0.5448951067758183,	0.6935199226610739,	-0.815493156848917,	-0.375330277517866,	0.9619397662556435},
{	0.6532814824381882,	-0.1802399555017369,	-0.8535533905932738,	0.5132799671593364,	0.6532814824381884,	-0.7681777567114162,	-0.3535533905932745,	0.9061274463528879},
{	0.5879378012096793,	-0.1622116744107288,	-0.7681777567114164,	0.46193976625564304,	0.5879378012096795,	-0.6913417161825448,	-0.31818964514320913,	0.8154931568489172},
{	0.5,	-0.13794968964147147,	-0.6532814824381884,	0.39284747919355084,	0.5000000000000001,	-0.5879378012096793,	-0.27059805007309906,	0.6935199226610739},
{	0.3928474791935511,	-0.10838637566236958,	-0.5132799671593369,	0.3086582838174549,	0.39284747919355123,	-0.46193976625564337,	-0.21260752369181457,	0.5448951067758188},
{	0.2705980500730985,	-0.07465783405034258,	-0.35355339059327384,	0.21260752369181402,	0.2705980500730986,	-0.3181896451432085,	-0.14644660940672657,	0.37533027751786535},
{	0.13794968964147153,	-0.03806023374435662,	-0.18023995550173705,	0.10838637566236958,	0.13794968964147158,	-0.1622116744107289,	-0.07465783405034278,	0.19134171618254497}
}};

const coeff_matrix_t coeff_matrix_5_0 = 
{.coeff_matrix = {{	0.4999999999999999,	-0.39284747919355084,	-0.2705980500730989,	0.6935199226610737,	-0.4999999999999994,	-0.13794968964147133,	0.6532814824381882,	-0.5879378012096792},
{	0.6935199226610737,	-0.5448951067758184,	-0.3753302775178658,	0.9619397662556434,	-0.6935199226610729,	-0.19134171618254464,	0.9061274463528878,	-0.8154931568489169},
{	0.6532814824381882,	-0.5132799671593365,	-0.3535533905932743,	0.9061274463528878,	-0.6532814824381875,	-0.18023995550173674,	0.8535533905932737,	-0.7681777567114161},
{	0.5879378012096793,	-0.46193976625564315,	-0.31818964514320897,	0.8154931568489171,	-0.5879378012096786,	-0.16221167441072867,	0.7681777567114163,	-0.6913417161825447},
{	0.5,	-0.39284747919355095,	-0.2705980500730989,	0.6935199226610738,	-0.49999999999999944,	-0.13794968964147133,	0.6532814824381883,	-0.5879378012096792},
{	0.3928474791935511,	-0.308658283817455,	-0.21260752369181446,	0.5448951067758186,	-0.3928474791935507,	-0.1083863756623695,	0.5132799671593368,	-0.4619397662556433},
{	0.2705980500730985,	-0.21260752369181404,	-0.1464466094067265,	0.3753302775178653,	-0.27059805007309823,	-0.07465783405034253,	0.35355339059327384,	-0.31818964514320847},
{	0.13794968964147153,	-0.1083863756623696,	-0.07465783405034274,	0.19134171618254495,	-0.1379496896414714,	-0.03806023374435659,	0.18023995550173702,	-0.1622116744107289}
}};

const coeff_matrix_t coeff_matrix_6_0 = 
{.coeff_matrix = {{	0.4999999999999999,	-0.5879378012096794,	0.2705980500730986,	0.13794968964147186,	-0.49999999999999967,	0.6935199226610738,	-0.653281482438188,	0.39284747919355056},
{	0.6935199226610737,	-0.8154931568489172,	0.37533027751786546,	0.1913417161825454,	-0.6935199226610733,	0.9619397662556436,	-0.9061274463528874,	0.544895106775818},
{	0.6532814824381882,	-0.7681777567114164,	0.35355339059327395,	0.18023995550173744,	-0.6532814824381878,	0.906127446352888,	-0.8535533905932734,	0.5132799671593361},
{	0.5879378012096793,	-0.691341716182545,	0.3181896451432087,	0.1622116744107293,	-0.587937801209679,	0.8154931568489173,	-0.7681777567114161,	0.46193976625564276},
{	0.5,	-0.5879378012096794,	0.2705980500730987,	0.13794968964147186,	-0.4999999999999998,	0.6935199226610739,	-0.6532814824381881,	0.3928474791935506},
{	0.3928474791935511,	-0.4619397662556435,	0.21260752369181427,	0.10838637566236992,	-0.3928474791935509,	0.5448951067758189,	-0.5132799671593367,	0.30865828381745475},
{	0.2705980500730985,	-0.3181896451432086,	0.14644660940672635,	0.07465783405034282,	-0.2705980500730984,	0.3753302775178654,	-0.3535533905932737,	0.21260752369181388},
{	0.13794968964147153,	-0.16221167441072895,	0.07465783405034268,	0.038060233744356735,	-0.13794968964147147,	0.19134171618254497,	-0.18023995550173696,	0.10838637566236951}
}};

const coeff_matrix_t coeff_matrix_7_0 = 
{.coeff_matrix = {{	0.4999999999999999,	-0.6935199226610737,	0.6532814824381881,	-0.5879378012096792,	0.4999999999999993,	-0.39284747919355056,	0.27059805007309834,	-0.13794968964147172},
{	0.6935199226610737,	-0.9619397662556434,	0.9061274463528876,	-0.815493156848917,	0.6935199226610728,	-0.544895106775818,	0.375330277517865,	-0.1913417161825452},
{	0.6532814824381882,	-0.9061274463528878,	0.8535533905932735,	-0.7681777567114162,	0.6532814824381874,	-0.5132799671593361,	0.35355339059327356,	-0.18023995550173727},
{	0.5879378012096793,	-0.8154931568489171,	0.7681777567114161,	-0.6913417161825448,	0.5879378012096785,	-0.46193976625564276,	0.3181896451432083,	-0.16221167441072915},
{	0.5,	-0.6935199226610738,	0.6532814824381882,	-0.5879378012096793,	0.4999999999999994,	-0.3928474791935506,	0.27059805007309834,	-0.13794968964147172},
{	0.3928474791935511,	-0.5448951067758186,	0.5132799671593367,	-0.46193976625564337,	0.3928474791935506,	-0.30865828381745475,	0.21260752369181402,	-0.1083863756623698},
{	0.2705980500730985,	-0.3753302775178653,	0.35355339059327373,	-0.3181896451432085,	0.2705980500730982,	-0.21260752369181388,	0.14644660940672619,	-0.07465783405034274},
{	0.13794968964147153,	-0.19134171618254495,	0.180239955501737,	-0.1622116744107289,	0.13794968964147136,	-0.10838637566236951,	0.07465783405034258,	-0.03806023374435669}
}};

const coeff_matrix_t coeff_matrix_0_1 = 
{.coeff_matrix = {{	0.4999999999999999,	0.6935199226610737,	0.6532814824381882,	0.5879378012096793,	0.5,	0.3928474791935511,	0.2705980500730985,	0.13794968964147153},
{	0.5879378012096793,	0.8154931568489171,	0.7681777567114163,	0.6913417161825449,	0.5879378012096794,	0.4619397662556434,	0.3181896451432085,	0.16221167441072892},
{	0.2705980500730985,	0.3753302775178653,	0.35355339059327384,	0.3181896451432085,	0.27059805007309856,	0.21260752369181418,	0.1464466094067263,	0.07465783405034264},
{	-0.13794968964147145,	-0.1913417161825448,	-0.1802399555017369,	-0.1622116744107288,	-0.13794968964147147,	-0.10838637566236958,	-0.07465783405034258,	-0.03806023374435662},
{	-0.4999999999999999,	-0.6935199226610737,	-0.6532814824381882,	-0.5879378012096793,	-0.5,	-0.3928474791935511,	-0.2705980500730985,	-0.13794968964147153},
{	-0.6935199226610737,	-0.9619397662556434,	-0.9061274463528878,	-0.8154931568489171,	-0.6935199226610738,	-0.5448951067758186,	-0.3753302775178653,	-0.19134171618254495},
{	-0.6532814824381883,	-0.9061274463528879,	-0.8535533905932738,	-0.7681777567114164,	-0.6532814824381884,	-0.5132799671593369,	-0.35355339059327384,	-0.18023995550173705},
{	-0.392847479193551,	-0.5448951067758185,	-0.5132799671593367,	-0.4619397662556433,	-0.39284747919355106,	-0.30865828381745514,	-0.21260752369181413,	-0.10838637566236964}
}};

const coeff_matrix_t coeff_matrix_1_1 = 
{.coeff_matrix = {{	0.4999999999999999,	0.5879378012096793,	0.2705980500730985,	-0.13794968964147145,	-0.4999999999999999,	-0.6935199226610737,	-0.6532814824381883,	-0.392847479193551},
{	0.5879378012096793,	0.6913417161825449,	0.3181896451432085,	-0.1622116744107288,	-0.5879378012096793,	-0.8154931568489171,	-0.7681777567114164,	-0.4619397662556433},
{	0.2705980500730985,	0.3181896451432085,	0.1464466094067263,	-0.07465783405034258,	-0.2705980500730985,	-0.3753302775178653,	-0.35355339059327384,	-0.21260752369181413},
{	-0.13794968964147145,	-0.1622116744107288,	-0.07465783405034258,	0.03806023374435659,	0.13794968964147145,	0.1913417161825448,	0.18023995550173694,	0.10838637566236957},
{	-0.4999999999999999,	-0.5879378012096793,	-0.2705980500730985,	0.13794968964147145,	0.4999999999999999,	0.6935199226610737,	0.6532814824381883,	0.392847479193551},
{	-0.6935199226610737,	-0.8154931568489171,	-0.3753302775178653,	0.1913417161825448,	0.6935199226610737,	0.9619397662556434,	0.9061274463528879,	0.5448951067758185},
{	-0.6532814824381883,	-0.7681777567114164,	-0.35355339059327384,	0.18023995550173694,	0.6532814824381883,	0.9061274463528879,	0.853553390593274,	0.5132799671593368},
{	-0.392847479193551,	-0.4619397662556433,	-0.21260752369181413,	0.10838637566236957,	0.392847479193551,	0.5448951067758185,	0.5132799671593368,	0.3086582838174551}
}};

const coeff_matrix_t coeff_matrix_2_1 = 
{.coeff_matrix = {{	0.4999999999999999,	0.3928474791935511,	-0.27059805007309845,	-0.6935199226610737,	-0.5000000000000001,	0.13794968964147153,	0.6532814824381881,	0.5879378012096795},
{	0.5879378012096793,	0.4619397662556434,	-0.31818964514320847,	-0.8154931568489171,	-0.5879378012096795,	0.1622116744107289,	0.7681777567114161,	0.6913417161825451},
{	0.2705980500730985,	0.21260752369181418,	-0.14644660940672624,	-0.3753302775178653,	-0.2705980500730986,	0.07465783405034264,	0.35355339059327373,	0.3181896451432087},
{	-0.13794968964147145,	-0.10838637566236958,	0.07465783405034257,	0.1913417161825448,	0.13794968964147147,	-0.03806023374435662,	-0.18023995550173685,	-0.16221167441072887},
{	-0.4999999999999999,	-0.3928474791935511,	0.27059805007309845,	0.6935199226610737,	0.5000000000000001,	-0.13794968964147153,	-0.6532814824381881,	-0.5879378012096795},
{	-0.6935199226610737,	-0.5448951067758186,	0.3753302775178652,	0.9619397662556434,	0.6935199226610739,	-0.19134171618254492,	-0.9061274463528876,	-0.8154931568489174},
{	-0.6532814824381883,	-0.5132799671593369,	0.35355339059327373,	0.9061274463528879,	0.6532814824381885,	-0.18023995550173702,	-0.8535533905932736,	-0.7681777567114167},
{	-0.392847479193551,	-0.30865828381745514,	0.21260752369181407,	0.5448951067758185,	0.3928474791935511,	-0.10838637566236962,	-0.5132799671593365,	-0.46193976625564354}
}};

const coeff_matrix_t coeff_matrix_3_1 = 
{.coeff_matrix = {{	0.4999999999999999,	0.13794968964147153,	-0.6532814824381882,	-0.392847479193551,	0.49999999999999983,	0.5879378012096795,	-0.27059805007309856,	-0.6935199226610738},
{	0.5879378012096793,	0.16221167441072892,	-0.7681777567114163,	-0.4619397662556433,	0.5879378012096792,	0.6913417161825451,	-0.3181896451432086,	-0.8154931568489173},
{	0.2705980500730985,	0.07465783405034264,	-0.35355339059327384,	-0.21260752369181413,	0.27059805007309845,	0.3181896451432087,	-0.1464466094067263,	-0.3753302775178654},
{	-0.13794968964147145,	-0.03806023374435662,	0.1802399555017369,	0.10838637566236957,	-0.13794968964147142,	-0.16221167441072887,	0.0746578340503426,	0.19134171618254486},
{	-0.4999999999999999,	-0.13794968964147153,	0.6532814824381882,	0.392847479193551,	-0.49999999999999983,	-0.5879378012096795,	0.27059805007309856,	0.6935199226610738},
{	-0.6935199226610737,	-0.19134171618254495,	0.9061274463528878,	0.5448951067758185,	-0.6935199226610735,	-0.8154931568489174,	0.37533027751786535,	0.9619397662556436},
{	-0.6532814824381883,	-0.18023995550173705,	0.8535533905932738,	0.5132799671593368,	-0.6532814824381882,	-0.7681777567114167,	0.3535533905932739,	0.9061274463528881},
{	-0.392847479193551,	-0.10838637566236964,	0.5132799671593367,	0.3086582838174551,	-0.39284747919355095,	-0.46193976625564354,	0.21260752369181415,	0.5448951067758188}
}};

const coeff_matrix_t coeff_matrix_4_1 = 
{.coeff_matrix = {{	0.4999999999999999,	-0.13794968964147145,	-0.6532814824381883,	0.3928474791935508,	0.5000000000000001,	-0.5879378012096792,	-0.270598050073099,	0.6935199226610738},
{	0.5879378012096793,	-0.1622116744107288,	-0.7681777567114164,	0.46193976625564304,	0.5879378012096795,	-0.6913417161825448,	-0.31818964514320913,	0.8154931568489172},
{	0.2705980500730985,	-0.07465783405034258,	-0.35355339059327384,	0.21260752369181402,	0.2705980500730986,	-0.3181896451432085,	-0.14644660940672657,	0.37533027751786535},
{	-0.13794968964147145,	0.03806023374435659,	0.18023995550173694,	-0.1083863756623695,	-0.13794968964147147,	0.16221167441072878,	0.07465783405034274,	-0.19134171618254484},
{	-0.4999999999999999,	0.13794968964147145,	0.6532814824381883,	-0.3928474791935508,	-0.5000000000000001,	0.5879378012096792,	0.270598050073099,	-0.6935199226610738},
{	-0.6935199226610737,	0.1913417161825448,	0.9061274463528879,	-0.5448951067758183,	-0.6935199226610739,	0.815493156848917,	0.375330277517866,	-0.9619397662556435},
{	-0.6532814824381883,	0.18023995550173694,	0.853553390593274,	-0.5132799671593364,	-0.6532814824381885,	0.7681777567114163,	0.3535533905932745,	-0.906127446352888},
{	-0.392847479193551,	0.10838637566236957,	0.5132799671593368,	-0.30865828381745486,	-0.3928474791935511,	0.46193976625564326,	0.21260752369181454,	-0.5448951067758186}
}};

const coeff_matrix_t coeff_matrix_5_1 = 
{.coeff_matrix = {{	0.4999999999999999,	-0.39284747919355084,	-0.2705980500730989,	0.6935199226610737,	-0.4999999999999994,	-0.13794968964147133,	0.6532814824381882,	-0.5879378012096792},
{	0.5879378012096793,	-0.46193976625564315,	-0.31818964514320897,	0.8154931568489171,	-0.5879378012096786,	-0.16221167441072867,	0.7681777567114163,	-0.6913417161825447},
{	0.2705980500730985,	-0.21260752369181404,	-0.1464466094067265,	0.3753302775178653,	-0.27059805007309823,	-0.07465783405034253,	0.35355339059327384,	-0.31818964514320847},
{	-0.13794968964147145,	0.10838637566236953,	0.07465783405034268,	-0.1913417161825448,	0.13794968964147128,	0.03806023374435656,	-0.1802399555017369,	0.16221167441072876},
{	-0.4999999999999999,	0.39284747919355084,	0.2705980500730989,	-0.6935199226610737,	0.4999999999999994,	0.13794968964147133,	-0.6532814824381882,	0.5879378012096792},
{	-0.6935199226610737,	0.5448951067758184,	0.3753302775178658,	-0.9619397662556434,	0.6935199226610729,	0.19134171618254464,	-0.9061274463528878,	0.8154931568489169},
{	-0.6532814824381883,	0.5132799671593365,	0.35355339059327434,	-0.9061274463528879,	0.6532814824381875,	0.18023995550173677,	-0.8535533905932738,	0.7681777567114162},
{	-0.392847479193551,	0.3086582838174549,	0.2126075236918144,	-0.5448951067758185,	0.39284747919355056,	0.10838637566236947,	-0.5132799671593367,	0.4619397662556432}
}};

const coeff_matrix_t coeff_matrix_6_1 = 
{.coeff_matrix = {{	0.4999999999999999,	-0.5879378012096794,	0.2705980500730986,	0.13794968964147186,	-0.49999999999999967,	0.6935199226610738,	-0.653281482438188,	0.39284747919355056},
{	0.5879378012096793,	-0.691341716182545,	0.3181896451432087,	0.1622116744107293,	-0.587937801209679,	0.8154931568489173,	-0.7681777567114161,	0.46193976625564276},
{	0.2705980500730985,	-0.3181896451432086,	0.14644660940672635,	0.07465783405034282,	-0.2705980500730984,	0.3753302775178654,	-0.3535533905932737,	0.21260752369181388},
{	-0.13794968964147145,	0.16221167441072884,	-0.07465783405034263,	-0.03806023374435671,	0.13794968964147136,	-0.19134171618254486,	0.18023995550173685,	-0.10838637566236943},
{	-0.4999999999999999,	0.5879378012096794,	-0.2705980500730986,	-0.13794968964147186,	0.49999999999999967,	-0.6935199226610738,	0.653281482438188,	-0.39284747919355056},
{	-0.6935199226610737,	0.8154931568489172,	-0.37533027751786546,	-0.1913417161825454,	0.6935199226610733,	-0.9619397662556436,	0.9061274463528874,	-0.544895106775818},
{	-0.6532814824381883,	0.7681777567114165,	-0.353553390593274,	-0.18023995550173746,	0.653281482438188,	-0.9061274463528881,	0.8535533905932735,	-0.5132799671593361},
{	-0.392847479193551,	0.4619397662556434,	-0.2126075236918142,	-0.10838637566236989,	0.39284747919355084,	-0.5448951067758188,	0.5132799671593365,	-0.3086582838174547}
}};

const coeff_matrix_t coeff_matrix_7_1 = 
{.coeff_matrix = {{	0.4999999999999999,	-0.6935199226610737,	0.6532814824381881,	-0.5879378012096792,	0.4999999999999993,	-0.39284747919355056,	0.27059805007309834,	-0.13794968964147172},
{	0.5879378012096793,	-0.8154931568489171,	0.7681777567114161,	-0.6913417161825448,	0.5879378012096785,	-0.46193976625564276,	0.3181896451432083,	-0.16221167441072915},
{	0.2705980500730985,	-0.3753302775178653,	0.35355339059327373,	-0.3181896451432085,	0.2705980500730982,	-0.21260752369181388,	0.14644660940672619,	-0.07465783405034274},
{	-0.13794968964147145,	0.1913417161825448,	-0.18023995550173685,	0.16221167441072878,	-0.13794968964147128,	0.10838637566236943,	-0.07465783405034254,	0.038060233744356665},
{	-0.4999999999999999,	0.6935199226610737,	-0.6532814824381881,	0.5879378012096792,	-0.4999999999999993,	0.39284747919355056,	-0.27059805007309834,	0.13794968964147172},
{	-0.6935199226610737,	0.9619397662556434,	-0.9061274463528876,	0.815493156848917,	-0.6935199226610728,	0.544895106775818,	-0.375330277517865,	0.1913417161825452},
{	-0.6532814824381883,	0.9061274463528879,	-0.8535533905932736,	0.7681777567114163,	-0.6532814824381874,	0.5132799671593361,	-0.3535533905932736,	0.1802399555017373},
{	-0.392847479193551,	0.5448951067758185,	-0.5132799671593365,	0.46193976625564326,	-0.3928474791935505,	0.3086582838174547,	-0.212607523691814,	0.10838637566236978}
}};

const coeff_matrix_t coeff_matrix_0_2 = 
{.coeff_matrix = {{	0.4999999999999999,	0.6935199226610737,	0.6532814824381882,	0.5879378012096793,	0.5,	0.3928474791935511,	0.2705980500730985,	0.13794968964147153},
{	0.3928474791935511,	0.5448951067758186,	0.5132799671593368,	0.4619397662556434,	0.3928474791935512,	0.3086582838174552,	0.21260752369181418,	0.10838637566236967},
{	-0.27059805007309845,	-0.3753302775178652,	-0.35355339059327373,	-0.31818964514320847,	-0.2705980500730985,	-0.2126075236918141,	-0.14644660940672624,	-0.07465783405034263},
{	-0.6935199226610737,	-0.9619397662556434,	-0.9061274463528878,	-0.8154931568489171,	-0.6935199226610738,	-0.5448951067758186,	-0.3753302775178653,	-0.19134171618254495},
{	-0.5000000000000001,	-0.6935199226610739,	-0.6532814824381884,	-0.5879378012096795,	-0.5000000000000001,	-0.39284747919355123,	-0.2705980500730986,	-0.13794968964147158},
{	0.13794968964147153,	0.19134171618254492,	0.18023995550173702,	0.1622116744107289,	0.13794968964147153,	0.10838637566236965,	0.07465783405034264,	0.038060233744356645},
{	0.6532814824381881,	0.9061274463528876,	0.8535533905932735,	0.7681777567114161,	0.6532814824381882,	0.5132799671593367,	0.35355339059327373,	0.180239955501737},
{	0.5879378012096795,	0.8154931568489174,	0.7681777567114166,	0.6913417161825451,	0.5879378012096796,	0.4619397662556436,	0.3181896451432087,	0.162211674410729}
}};

const coeff_matrix_t coeff_matrix_1_2 = 
{.coeff_matrix = {{	0.4999999999999999,	0.5879378012096793,	0.2705980500730985,	-0.13794968964147145,	-0.4999999999999999,	-0.6935199226610737,	-0.6532814824381883,	-0.392847479193551},
{	0.3928474791935511,	0.4619397662556434,	0.21260752369181418,	-0.10838637566236958,	-0.3928474791935511,	-0.5448951067758186,	-0.5132799671593369,	-0.30865828381745514},
{	-0.27059805007309845,	-0.31818964514320847,	-0.14644660940672624,	0.07465783405034257,	0.27059805007309845,	0.3753302775178652,	0.35355339059327373,	0.21260752369181407},
{	-0.6935199226610737,	-0.8154931568489171,	-0.3753302775178653,	0.1913417161825448,	0.6935199226610737,	0.9619397662556434,	0.9061274463528879,	0.5448951067758185},
{	-0.5000000000000001,	-0.5879378012096795,	-0.2705980500730986,	0.13794968964147147,	0.5000000000000001,	0.6935199226610739,	0.6532814824381885,	0.3928474791935511},
{	0.13794968964147153,	0.1622116744107289,	0.07465783405034264,	-0.03806023374435662,	-0.13794968964147153,	-0.19134171618254492,	-0.18023995550173702,	-0.10838637566236962},
{	0.6532814824381881,	0.7681777567114161,	0.35355339059327373,	-0.18023995550173685,	-0.6532814824381881,	-0.9061274463528876,	-0.8535533905932736,	-0.5132799671593365},
{	0.5879378012096795,	0.6913417161825451,	0.3181896451432087,	-0.16221167441072887,	-0.5879378012096795,	-0.8154931568489174,	-0.7681777567114167,	-0.46193976625564354}
}};

const coeff_matrix_t coeff_matrix_2_2 = 
{.coeff_matrix = {{	0.4999999999999999,	0.3928474791935511,	-0.27059805007309845,	-0.6935199226610737,	-0.5000000000000001,	0.13794968964147153,	0.6532814824381881,	0.5879378012096795},
{	0.3928474791935511,	0.3086582838174552,	-0.2126075236918141,	-0.5448951067758186,	-0.39284747919355123,	0.10838637566236965,	0.5132799671593367,	0.4619397662556436},
{	-0.27059805007309845,	-0.2126075236918141,	0.1464466094067262,	0.3753302775178652,	0.2705980500730985,	-0.07465783405034261,	-0.3535533905932736,	-0.3181896451432086},
{	-0.6935199226610737,	-0.5448951067758186,	0.3753302775178652,	0.9619397662556434,	0.6935199226610739,	-0.19134171618254492,	-0.9061274463528876,	-0.8154931568489174},
{	-0.5000000000000001,	-0.39284747919355123,	0.2705980500730985,	0.6935199226610739,	0.5000000000000002,	-0.13794968964147156,	-0.6532814824381883,	-0.5879378012096798},
{	0.13794968964147153,	0.10838637566236965,	-0.07465783405034261,	-0.19134171618254492,	-0.13794968964147156,	0.03806023374435664,	0.18023995550173696,	0.16221167441072898},
{	0.6532814824381881,	0.5132799671593367,	-0.3535533905932736,	-0.9061274463528876,	-0.6532814824381883,	0.18023995550173696,	0.8535533905932733,	0.7681777567114164},
{	0.5879378012096795,	0.4619397662556436,	-0.3181896451432086,	-0.8154931568489174,	-0.5879378012096798,	0.16221167441072898,	0.7681777567114164,	0.6913417161825455}
}};

const coeff_matrix_t coeff_matrix_3_2 = 
{.coeff_matrix = {{	0.4999999999999999,	0.13794968964147153,	-0.6532814824381882,	-0.392847479193551,	0.49999999999999983,	0.5879378012096795,	-0.27059805007309856,	-0.6935199226610738},
{	0.3928474791935511,	0.10838637566236967,	-0.5132799671593368,	-0.30865828381745514,	0.39284747919355106,	0.4619397662556436,	-0.2126075236918142,	-0.5448951067758189},
{	-0.27059805007309845,	-0.07465783405034263,	0.35355339059327373,	0.21260752369181407,	-0.2705980500730984,	-0.3181896451432086,	0.14644660940672627,	0.3753302775178653},
{	-0.6935199226610737,	-0.19134171618254495,	0.9061274463528878,	0.5448951067758185,	-0.6935199226610735,	-0.8154931568489174,	0.37533027751786535,	0.9619397662556436},
{	-0.5000000000000001,	-0.13794968964147158,	0.6532814824381884,	0.3928474791935511,	-0.5,	-0.5879378012096798,	0.2705980500730986,	0.693519922661074},
{	0.13794968964147153,	0.038060233744356645,	-0.18023995550173702,	-0.10838637566236962,	0.1379496896414715,	0.16221167441072898,	-0.07465783405034264,	-0.19134171618254497},
{	0.6532814824381881,	0.180239955501737,	-0.8535533905932735,	-0.5132799671593365,	0.653281482438188,	0.7681777567114164,	-0.3535533905932738,	-0.9061274463528878},
{	0.5879378012096795,	0.162211674410729,	-0.7681777567114166,	-0.46193976625564354,	0.5879378012096794,	0.6913417161825455,	-0.3181896451432087,	-0.8154931568489177}
}};

const coeff_matrix_t coeff_matrix_4_2 = 
{.coeff_matrix = {{	0.4999999999999999,	-0.13794968964147145,	-0.6532814824381883,	0.3928474791935508,	0.5000000000000001,	-0.5879378012096792,	-0.270598050073099,	0.6935199226610738},
{	0.3928474791935511,	-0.10838637566236958,	-0.5132799671593369,	0.3086582838174549,	0.39284747919355123,	-0.46193976625564337,	-0.21260752369181457,	0.5448951067758188},
{	-0.27059805007309845,	0.07465783405034257,	0.35355339059327373,	-0.21260752369181393,	-0.2705980500730985,	0.3181896451432084,	0.14644660940672652,	-0.37533027751786524},
{	-0.6935199226610737,	0.1913417161825448,	0.9061274463528879,	-0.5448951067758183,	-0.6935199226610739,	0.815493156848917,	0.375330277517866,	-0.9619397662556435},
{	-0.5000000000000001,	0.13794968964147147,	0.6532814824381885,	-0.3928474791935509,	-0.5000000000000002,	0.5879378012096794,	0.2705980500730991,	-0.693519922661074},
{	0.13794968964147153,	-0.03806023374435662,	-0.18023995550173702,	0.10838637566236956,	0.13794968964147156,	-0.1622116744107289,	-0.07465783405034278,	0.19134171618254495},
{	0.6532814824381881,	-0.18023995550173685,	-0.8535533905932736,	0.5132799671593362,	0.6532814824381883,	-0.7681777567114161,	-0.3535533905932744,	0.9061274463528877},
{	0.5879378012096795,	-0.16221167441072887,	-0.7681777567114167,	0.46193976625564326,	0.5879378012096798,	-0.691341716182545,	-0.31818964514320924,	0.8154931568489175}
}};

const coeff_matrix_t coeff_matrix_5_2 = 
{.coeff_matrix = {{	0.4999999999999999,	-0.39284747919355084,	-0.2705980500730989,	0.6935199226610737,	-0.4999999999999994,	-0.13794968964147133,	0.6532814824381882,	-0.5879378012096792},
{	0.3928474791935511,	-0.308658283817455,	-0.21260752369181446,	0.5448951067758186,	-0.3928474791935507,	-0.1083863756623695,	0.5132799671593368,	-0.4619397662556433},
{	-0.27059805007309845,	0.212607523691814,	0.14644660940672644,	-0.3753302775178652,	0.2705980500730981,	0.0746578340503425,	-0.35355339059327373,	0.31818964514320836},
{	-0.6935199226610737,	0.5448951067758184,	0.3753302775178658,	-0.9619397662556434,	0.6935199226610729,	0.19134171618254464,	-0.9061274463528878,	0.8154931568489169},
{	-0.5000000000000001,	0.392847479193551,	0.27059805007309895,	-0.6935199226610739,	0.4999999999999995,	0.13794968964147136,	-0.6532814824381884,	0.5879378012096793},
{	0.13794968964147153,	-0.10838637566236958,	-0.07465783405034274,	0.19134171618254492,	-0.13794968964147136,	-0.03806023374435658,	0.18023995550173702,	-0.16221167441072887},
{	0.6532814824381881,	-0.5132799671593363,	-0.3535533905932742,	0.9061274463528876,	-0.6532814824381873,	-0.18023995550173671,	0.8535533905932735,	-0.768177756711416},
{	0.5879378012096795,	-0.4619397662556433,	-0.3181896451432091,	0.8154931568489174,	-0.5879378012096789,	-0.16221167441072873,	0.7681777567114166,	-0.691341716182545}
}};

const coeff_matrix_t coeff_matrix_6_2 = 
{.coeff_matrix = {{	0.4999999999999999,	-0.5879378012096794,	0.2705980500730986,	0.13794968964147186,	-0.49999999999999967,	0.6935199226610738,	-0.653281482438188,	0.39284747919355056},
{	0.3928474791935511,	-0.4619397662556435,	0.21260752369181427,	0.10838637566236992,	-0.3928474791935509,	0.5448951067758189,	-0.5132799671593367,	0.30865828381745475},
{	-0.27059805007309845,	0.31818964514320847,	-0.1464466094067263,	-0.07465783405034279,	0.2705980500730983,	-0.3753302775178653,	0.35355339059327356,	-0.21260752369181382},
{	-0.6935199226610737,	0.8154931568489172,	-0.37533027751786546,	-0.1913417161825454,	0.6935199226610733,	-0.9619397662556436,	0.9061274463528874,	-0.544895106775818},
{	-0.5000000000000001,	0.5879378012096795,	-0.27059805007309873,	-0.1379496896414719,	0.49999999999999983,	-0.693519922661074,	0.6532814824381882,	-0.3928474791935507},
{	0.13794968964147153,	-0.16221167441072892,	0.07465783405034267,	0.03806023374435673,	-0.13794968964147145,	0.19134171618254497,	-0.18023995550173694,	0.1083863756623695},
{	0.6532814824381881,	-0.7681777567114162,	0.3535533905932739,	0.1802399555017374,	-0.6532814824381877,	0.9061274463528878,	-0.8535533905932732,	0.513279967159336},
{	0.5879378012096795,	-0.6913417161825453,	0.3181896451432088,	0.16221167441072937,	-0.5879378012096793,	0.8154931568489177,	-0.7681777567114163,	0.461939766255643}
}};

const coeff_matrix_t coeff_matrix_7_2 = 
{.coeff_matrix = {{	0.4999999999999999,	-0.6935199226610737,	0.6532814824381881,	-0.5879378012096792,	0.4999999999999993,	-0.39284747919355056,	0.27059805007309834,	-0.13794968964147172},
{	0.3928474791935511,	-0.5448951067758186,	0.5132799671593367,	-0.46193976625564337,	0.3928474791935506,	-0.30865828381745475,	0.21260752369181402,	-0.1083863756623698},
{	-0.27059805007309845,	0.3753302775178652,	-0.3535533905932736,	0.3181896451432084,	-0.2705980500730981,	0.21260752369181382,	-0.14644660940672613,	0.07465783405034272},
{	-0.6935199226610737,	0.9619397662556434,	-0.9061274463528876,	0.815493156848917,	-0.6935199226610728,	0.544895106775818,	-0.375330277517865,	0.1913417161825452},
{	-0.5000000000000001,	0.6935199226610739,	-0.6532814824381883,	0.5879378012096794,	-0.49999999999999944,	0.3928474791935507,	-0.2705980500730984,	0.13794968964147175},
{	0.13794968964147153,	-0.19134171618254492,	0.18023995550173696,	-0.1622116744107289,	0.13794968964147133,	-0.1083863756623695,	0.07465783405034258,	-0.03806023374435669},
{	0.6532814824381881,	-0.9061274463528876,	0.8535533905932733,	-0.7681777567114161,	0.6532814824381872,	-0.513279967159336,	0.35355339059327345,	-0.18023995550173721},
{	0.5879378012096795,	-0.8154931568489174,	0.7681777567114164,	-0.691341716182545,	0.5879378012096788,	-0.461939766255643,	0.3181896451432084,	-0.1622116744107292}
}};

const coeff_matrix_t coeff_matrix_0_3 = 
{.coeff_matrix = {{	0.4999999999999999,	0.6935199226610737,	0.6532814824381882,	0.5879378012096793,	0.5,	0.3928474791935511,	0.2705980500730985,	0.13794968964147153},
{	0.13794968964147153,	0.19134171618254495,	0.18023995550173702,	0.16221167441072892,	0.13794968964147156,	0.10838637566236967,	0.07465783405034264,	0.038060233744356645},
{	-0.6532814824381882,	-0.9061274463528878,	-0.8535533905932737,	-0.7681777567114163,	-0.6532814824381883,	-0.5132799671593368,	-0.35355339059327384,	-0.18023995550173702},
{	-0.392847479193551,	-0.5448951067758185,	-0.5132799671593367,	-0.4619397662556433,	-0.39284747919355106,	-0.30865828381745514,	-0.21260752369181413,	-0.10838637566236964},
{	0.49999999999999983,	0.6935199226610735,	0.6532814824381881,	0.5879378012096792,	0.4999999999999999,	0.39284747919355106,	0.27059805007309845,	0.13794968964147153},
{	0.5879378012096795,	0.8154931568489174,	0.7681777567114166,	0.6913417161825451,	0.5879378012096796,	0.4619397662556436,	0.3181896451432087,	0.162211674410729},
{	-0.27059805007309856,	-0.37533027751786535,	-0.35355339059327384,	-0.3181896451432086,	-0.2705980500730986,	-0.2126075236918142,	-0.1464466094067263,	-0.07465783405034265},
{	-0.6935199226610738,	-0.9619397662556436,	-0.906127446352888,	-0.8154931568489173,	-0.6935199226610739,	-0.5448951067758189,	-0.3753302775178654,	-0.19134171618254497}
}};

const coeff_matrix_t coeff_matrix_1_3 = 
{.coeff_matrix = {{	0.4999999999999999,	0.5879378012096793,	0.2705980500730985,	-0.13794968964147145,	-0.4999999999999999,	-0.6935199226610737,	-0.6532814824381883,	-0.392847479193551},
{	0.13794968964147153,	0.16221167441072892,	0.07465783405034264,	-0.03806023374435662,	-0.13794968964147153,	-0.19134171618254495,	-0.18023995550173705,	-0.10838637566236964},
{	-0.6532814824381882,	-0.7681777567114163,	-0.35355339059327384,	0.1802399555017369,	0.6532814824381882,	0.9061274463528878,	0.8535533905932738,	0.5132799671593367},
{	-0.392847479193551,	-0.4619397662556433,	-0.21260752369181413,	0.10838637566236957,	0.392847479193551,	0.5448951067758185,	0.5132799671593368,	0.3086582838174551},
{	0.49999999999999983,	0.5879378012096792,	0.27059805007309845,	-0.13794968964147142,	-0.49999999999999983,	-0.6935199226610735,	-0.6532814824381882,	-0.39284747919355095},
{	0.5879378012096795,	0.6913417161825451,	0.3181896451432087,	-0.16221167441072887,	-0.5879378012096795,	-0.8154931568489174,	-0.7681777567114167,	-0.46193976625564354},
{	-0.27059805007309856,	-0.3181896451432086,	-0.1464466094067263,	0.0746578340503426,	0.27059805007309856,	0.37533027751786535,	0.3535533905932739,	0.21260752369181415},
{	-0.6935199226610738,	-0.8154931568489173,	-0.3753302775178654,	0.19134171618254486,	0.6935199226610738,	0.9619397662556436,	0.9061274463528881,	0.5448951067758188}
}};

const coeff_matrix_t coeff_matrix_2_3 = 
{.coeff_matrix = {{	0.4999999999999999,	0.3928474791935511,	-0.27059805007309845,	-0.6935199226610737,	-0.5000000000000001,	0.13794968964147153,	0.6532814824381881,	0.5879378012096795},
{	0.13794968964147153,	0.10838637566236967,	-0.07465783405034263,	-0.19134171618254495,	-0.13794968964147158,	0.038060233744356645,	0.180239955501737,	0.162211674410729},
{	-0.6532814824381882,	-0.5132799671593368,	0.35355339059327373,	0.9061274463528878,	0.6532814824381884,	-0.18023995550173702,	-0.8535533905932735,	-0.7681777567114166},
{	-0.392847479193551,	-0.30865828381745514,	0.21260752369181407,	0.5448951067758185,	0.3928474791935511,	-0.10838637566236962,	-0.5132799671593365,	-0.46193976625564354},
{	0.49999999999999983,	0.39284747919355106,	-0.2705980500730984,	-0.6935199226610735,	-0.5,	0.1379496896414715,	0.653281482438188,	0.5879378012096794},
{	0.5879378012096795,	0.4619397662556436,	-0.3181896451432086,	-0.8154931568489174,	-0.5879378012096798,	0.16221167441072898,	0.7681777567114164,	0.6913417161825455},
{	-0.27059805007309856,	-0.2126075236918142,	0.14644660940672627,	0.37533027751786535,	0.2705980500730986,	-0.07465783405034264,	-0.3535533905932738,	-0.3181896451432087},
{	-0.6935199226610738,	-0.5448951067758189,	0.3753302775178653,	0.9619397662556436,	0.693519922661074,	-0.19134171618254497,	-0.9061274463528878,	-0.8154931568489177}
}};

const coeff_matrix_t coeff_matrix_3_3 = 
{.coeff_matrix = {{	0.4999999999999999,	0.13794968964147153,	-0.6532814824381882,	-0.392847479193551,	0.49999999999999983,	0.5879378012096795,	-0.27059805007309856,	-0.6935199226610738},
{	0.13794968964147153,	0.038060233744356645,	-0.18023995550173702,	-0.10838637566236964,	0.13794968964147153,	0.162211674410729,	-0.07465783405034265,	-0.19134171618254497},
{	-0.6532814824381882,	-0.18023995550173702,	0.8535533905932737,	0.5132799671593367,	-0.6532814824381881,	-0.7681777567114166,	0.35355339059327384,	0.906127446352888},
{	-0.392847479193551,	-0.10838637566236964,	0.5132799671593367,	0.3086582838174551,	-0.39284747919355095,	-0.46193976625564354,	0.21260752369181415,	0.5448951067758188},
{	0.49999999999999983,	0.13794968964147153,	-0.6532814824381881,	-0.39284747919355095,	0.4999999999999998,	0.5879378012096794,	-0.2705980500730985,	-0.6935199226610737},
{	0.5879378012096795,	0.162211674410729,	-0.7681777567114166,	-0.46193976625564354,	0.5879378012096794,	0.6913417161825455,	-0.3181896451432087,	-0.8154931568489177},
{	-0.27059805007309856,	-0.07465783405034265,	0.35355339059327384,	0.21260752369181415,	-0.2705980500730985,	-0.3181896451432087,	0.14644660940672632,	0.37533027751786546},
{	-0.6935199226610738,	-0.19134171618254497,	0.906127446352888,	0.5448951067758188,	-0.6935199226610737,	-0.8154931568489177,	0.37533027751786546,	0.9619397662556438}
}};

const coeff_matrix_t coeff_matrix_4_3 = 
{.coeff_matrix = {{	0.4999999999999999,	-0.13794968964147145,	-0.6532814824381883,	0.3928474791935508,	0.5000000000000001,	-0.5879378012096792,	-0.270598050073099,	0.6935199226610738},
{	0.13794968964147153,	-0.03806023374435662,	-0.18023995550173705,	0.10838637566236958,	0.13794968964147158,	-0.1622116744107289,	-0.07465783405034278,	0.19134171618254497},
